error(train): 0.072500
error(test): 0.250000
